912356748374289651685741329267934185549817263831625497753468912196572834428193576
958436127617259384432718659391847265765921843824563791243675918186394572579182436
439157286712986534685423197396271845524638719871594362953842671267319458148765923
356892471894371256712546839163287945479135628285469317528614793647953182931728564
286579341574163298193482657951637482847921563632845719768294135319756824425318976
219478635785236419346951827873195246524863791961724583492617358658349172137582964
841756932753492186629138457318267549475389261296514378962843715537621894184975623
847953261593162847126874359289416735731528496654397182372645918415289673968731524
167324895598671432243958671714582369956713284832496517429867153671235948385149726
639148257758236149412579863581362794326794581947815632264987315873451926195623478
627814593413295867985376214374968152298541736156723489541637928869452371732189645
347859126862134975195726834524318769913267548678945312281493657736582491459671283
195436827374982516862571439623798154581643972947125683418367295759214368236859741
197238645386459721245671983479382516821567394563914872738146259612895437954723168
193847256275691384468253917642319578857462193931578462524986731316725849789134625
